01111 smus 1111111. 505
W
Ι1114· 11 ’4141101 554 412 ’4444441144

5ο 44 811411. 110144110145 5 41 4511,
27 4

Anno 1749.

5]44. 1 141541440451100145141114411111011411141141114114111

5 54 8’41141101. 5 59 44 ’41141104

6 5 51 St. 14114411141101455 6 9 46 841411441114110141
5 14’55’14446’.
6 645 41141101.
5 17 48 811411. 441111110445
. 14· 55’ 1514141544

’619 141141101. 5146 33 “4111hor.

¹ 30 45 8414444114101415 55 48 811444411410141
1 ’4 ’5 s 37 3141141441· Μ’ ⁵8

{w 46 49 8141144114110141

1]411. 5111151414 46’ 56’
5116’ 54”411111101. 5 49 46 41141101.
46 40 8151414411111410141 58 41 841411. 441114110141
44 ’46” 46’ 54”
5484414101. 614 4141141101.
5 58 48 81. 11111411114110145 41 16 841414441114110141
5 22 ἰ16”ἑ 46’ 56”.
5 40 47 41141101.

· 1 50 85 844114411410141

”’1

1110111. 11.

 

